00010010000000100010010110000000
00000000000000010000000010000000
00110000000000000000000000000001
10000000000100000000000001000000
10100000000000000000010000001000
01100000000010100001000000000000
00001000010000000100000000000100
00000000100000000000000000000000
00001100000000000000001010000000
00000000000000000000000000000000
00100010000011000100000000000000
00001010000000000100000000000001
00001100000001000000000000000010
00000000000001000100001000000100
00000010010011000000000000000000
10110001000000001000010000100000
10001000100000100000000000000000
00000000000000000000001000000001
01000010000000000000000001010110
00000010001000000000000010000000
00000000000000000000000001000000
00001000000000000000000000000000
00000000001000010000000000010011
00001000000000000000110000000000
10001000000000000000000000000000
00001000000000001000000011000010
00000000000100000000100100000000
00001010000000000000000011000011
00000000000010000000000000000000
00000000000000001001010100000000
00100000000000000000010000000000
00000000000000000000001000100000
