00001000000110100000000000000000
01000001000111000010000000111010
00000000000000011010010000000100
00001001000000000001000011011000
00110000000000000100001000100000
00000100001110011001001000001100
00000000100000000000000000000100
01000001010110000000100001000000
00000100000001010100010000000100
10000000000000001000010100000000
00001000000001100000010110000000
01000000100000000100000001100101
10000000000001000000000000001000
01110000000000111011001000000000
00001010001100000000110010111111
01101010000000000000000101110000
00100010011000000000000000000010
11000000001000000000000000010000
01000000000000100000000100101000
00001000000000010001000110000000
00100010010000000000001110000100
00010011100000001010100000111100
00000000010000001000000001000000
00000000010000000100001110000000
01100000001100100000000000000100
00100000000001000000000000011010
00010100000001101100010000010000
10010010000000110000000010110011
00000000001010010000111010010100
00000100100000000101000000000010
00010010000000001100000000000000
00010000010000000000001010010010
